1.07242	1.00485	0.821745	0.539312	1.00485	0.760457	
1.43535	1.60864	0.582976	1.60864	
0.760457	0.889322	1.07242	0.841375	0.553505	0.919709	
2.14485	1.19078	1.9138	
0.9569	0.672775	1.07242	0.919709	0.804185	1.07242	
0.889322	1.07242	0.889322	0.468368	0.760457	1.07242	
0.830258	1.60864	1.50727	1.60864	
0.919709	1.07242	0.736607	0.400051	0.863631	0.9569	
1.9138	2.14485	1.64349	
0.637933	0.71495	0.669898	0.459107	0.216212	0.669898	0.406884	0.560917	0.592882	
0.359541	0.637933	0.592882	0.232305	0.374055	0.71495	0.525533	0.195746	0.592882	
0.194591	0.209074	0.518178	0.643455	0.602908	0.57414	0.448864	0.533593	0.643455	0.533593	
0.760457	0.29362	0.804185	0.697209	1.07242	0.715747	
0.760457	1.00485	1.49621	1.00485	1.07242	
0.533593	0.643455	0.602908	0.332103	0.643455	0.369371	0.33435	0.349011	0.351678	0.602908	
0.912549	0.826392	0.389182	1.14828	1.14828	
0.179377	0.35098	0.410456	0.321652	0.258961	0.398599	0.494965	0.494965	0.34528	0.494965	0.424481	0.357137	
0.570343	0.261343	0.220215	0.53681	0.647723	0.56108	0.804318	0.689782	
0.468368	0.889322	1.00485	1.07242	1.07242	1.07242	
0.261343	0.666992	0.753635	0.753635	0.580348	0.529665	0.478982	0.591225	
0.415129	0.753635	0.717675	0.753635	0.753635	0.544388	0.753635	0.666992	
0.919709	0.29362	0.863631	1.07242	0.9569	0.863631	
0.195746	0.3715	0.483901	0.592882	0.498737	0.669898	0.669898	0.71495	0.560917	
0.324318	1.00485	0.9569	1.07242	0.9569	0.748106	
1.1607	1.29545	1.37956	1.50727	
0.631032	0.580348	0.717675	0.504581	0.510396	0.631032	0.616309	0.580348	
0.389182	0.533593	0.602908	0.602908	0.643455	0.602908	0.408317	0.602908	0.551826	
0.986094	1.10365	1.10365	1.03636	1.20582	
0.9569	1.07242	0.736607	0.863631	0.9569	1.00485	
0.352344	1.03636	1.20582	1.14828	1.03636	
0.243239	0.717675	0.603139	0.666992	0.804318	0.522907	0.804318	0.666992	
0.466381	1.14828	1.06719	1.20582	0.965022	
0.220215	0.753635	0.31284	0.717675	0.516495	0.753635	0.753635	0.804318	
0.491071	0.61314	0.669898	0.54783	0.483901	0.669898	0.637933	0.459107	0.669898	
0.41712	0.443631	1.00485	1.00485	0.773798	1.00485	
0.631378	0.342901	0.740255	0.58331	0.788322	0.8202	0.762276	
0.29362	1.00485	0.557251	0.586129	1.00485	1.07242	
0.462268	0.663255	0.641234	0.762276	0.861297	0.861297	0.919221	
0.243239	0.417938	0.504581	0.753635	0.717675	0.516495	0.717675	0.804318	
1.28691	0.75208	1.20582	1.20582	1.28691	
0.41712	1.07242	0.644933	0.760457	0.821745	0.9569	
0.300038	0.31284	0.332723	0.529665	0.804318	0.603139	0.753635	0.804318	
0.539312	1.07242	0.748106	0.9569	0.919709	1.07242	
0.510335	0.503348	0.477643	0.502397	0.641234	0.861297	
0.672775	0.697209	0.644933	1.07242	1.07242	1.07242	
0.389182	0.912549	0.94596	0.858896	0.912549	
1.03636	1.20582	1.06719	1.10365	1.28691	
0.277987	0.675685	0.919221	0.740255	0.919221	0.919221	0.641234	
0.468368	0.29362	1.00485	1.00485	0.919709	0.863631	
0.480061	1.06719	1.00965	1.00965	1.28691	
0.243239	0.420812	0.689782	0.753635	0.504581	0.647723	0.666992	0.717675	
0.251674	0.380255	0.788322	0.8202	0.861297	0.8202	0.613497	
0.240031	0.533593	0.965022	0.250272	0.266179	0.643455	0.518178	0.643455	0.504825	
0.748106	0.615618	0.841375	0.672775	1.00485	0.889322	
0.510335	0.251674	0.357532	0.919221	0.663255	0.919221	0.740255	
0.986094	1.14828	1.00965	1.28691	1.28691	
0.388651	0.821745	1.07242	1.07242	0.889322	0.863631	
0.251674	0.380255	0.788322	0.8202	0.861297	0.8202	0.613497	
0.389182	0.912549	0.94596	0.858896	0.912549	
0.251674	0.502397	0.721179	0.721179	0.8202	0.919221	0.861297	
0.58331	0.641234	0.613497	0.788322	0.788322	0.919221	0.721179	
0.717675	0.220215	0.415129	0.417938	0.529665	0.753635	0.689782	0.616309	
0.29362	0.443631	0.821745	0.919709	1.00485	1.07242	
0.669898	0.54783	0.637933	0.637933	0.560917	0.71495	0.560917	0.592882	0.637933	
0.9569	0.68866	0.919709	0.748106	0.9569	1.00485	
0.717675	0.603139	0.220215	0.457745	0.603139	0.603139	0.689782	0.753635	
1.20582	1.14828	1.00965	1.28691	1.28691	
0.680529	0.841375	0.821745	0.9569	0.9569	1.07242	
0.298677	0.689301	0.5372	0.689301	0.861297	0.919221	0.788322	
0.388651	0.725851	0.736607	1.00485	0.9569	0.9569	
0.291488	0.56108	0.457745	0.689782	0.804318	0.804318	0.804318	0.689782	
0.291488	0.510396	0.717675	0.804318	0.753635	0.666992	0.647723	0.804318	
0.2591	0.61314	0.232305	0.637933	0.560917	0.54783	0.669898	0.637933	0.560917	
0.415129	0.47005	0.647723	0.804318	0.753635	0.717675	0.689782	0.804318	
0.357532	0.380255	0.762276	0.919221	0.740255	0.788322	0.919221	
0.220215	0.647723	0.753635	0.689782	0.647723	0.717675	0.717675	0.717675	
1.14069	1.43535	1.50727	1.60864	
0.401458	0.631378	0.480928	0.251674	0.597608	0.861297	0.861297	
0.389182	1.03636	1.06719	1.28691	1.28691	
0.41712	0.760457	0.70622	0.7883	1.07242	0.919709	
0.664206	0.897727	1.03636	1.28691	1.14828	
1.20582	0.847464	1.20582	1.14828	1.28691	
0.459107	0.216212	0.560917	0.195746	0.637933	0.61314	0.637933	0.71495	0.61314	
1.03636	0.986094	1.28691	1.03636	1.28691	
0.298677	0.919221	0.740255	0.919221	0.919221	0.861297	0.651821	
0.408058	0.317283	0.319707	0.422072	0.22752	0.471071	0.448224	0.548098	0.548098	0.390407	0.584959	
0.352344	1.00965	0.986094	1.14828	1.28691	
1.14828	0.826392	1.10365	0.897727	1.28691	
1.50727	1.60864	1.23262	1.60864	
0.664206	2.41163	1.28691	1.28691	
0.277987	0.251674	0.721179	0.651821	0.919221	0.8202	0.919221	
0.466381	0.912549	1.14828	1.03636	1.20582	
0.388651	0.919709	0.863631	1.00485	1.07242	0.9569	
0.388651	0.821745	1.00485	0.841375	1.00485	0.889322	
0.480061	1.14828	1.28691	1.20582	1.14828	
0.58331	0.357532	0.8202	0.704353	0.919221	0.8202	0.919221	
0.717675	0.603139	0.220215	0.457745	0.603139	0.603139	0.689782	0.753635	
0.703355	0.928557	1.28691	1.06719	1.14828	
0.986094	1.14828	1.20582	1.00965	1.10365	
1.72726	1.9138	1.83942	
0.440429	1.29545	1.43535	1.29545	
1.07242	1.07242	1.07242	0.919709	1.07242	0.9569	
0.553505	0.821745	0.443631	1.07242	1.07242	1.07242	
0.631378	0.342901	0.740255	0.762276	0.58331	0.597608	0.861297	
0.631032	0.580348	0.717675	0.504581	0.510396	0.631032	0.616309	0.580348	
0.261343	0.666992	0.753635	0.753635	0.580348	0.529665	0.478982	0.591225	
0.41712	0.443631	1.00485	1.00485	0.773798	1.00485	
3.21727	3.21727	
0.466381	1.06719	1.28691	1.14828	1.10365	
0.863631	0.41712	0.919709	0.889322	1.07242	1.00485	
0.324318	0.919709	1.00485	1.00485	0.919709	1.00485	
1.60864	1.60864	1.60864	1.02079	
0.277987	0.576664	0.740255	0.788322	0.721179	0.919221	0.919221	
0.480061	0.668701	0.94596	1.20582	1.20582	
0.477164	0.295754	0.637933	0.71495	0.669898	0.71495	0.71495	0.61314	0.71495	
1.10701	2.14485	2.14485	
0.582976	1.1607	1.50727	1.50727	
0.666992	0.804318	0.717675	0.804318	0.689782	0.689782	0.616309	0.666992	
0.415129	0.753635	0.717675	0.753635	0.753635	0.544388	0.753635	0.666992	
0.491071	0.61314	0.669898	0.54783	0.483901	0.669898	0.637933	0.459107	0.669898	
0.841375	0.889322	0.863631	0.68866	0.863631	1.07242	
0.539312	0.841375	0.919709	0.863631	0.919709	0.9569	
1.60864	1.60864	1.50727	1.50727	
1.00485	0.9569	0.70622	0.841375	1.07242	1.07242	
0.474433	0.675685	0.762276	0.861297	0.721179	0.788322	0.788322	
0.610326	0.29362	0.804185	1.00485	1.07242	1.07242	
1.10365	0.389182	1.20582	1.28691	1.20582	
0.27808	0.459107	0.295754	0.637933	0.637933	0.54783	0.71495	0.61314	0.61314	
0.333129	0.613497	0.651821	0.919221	0.861297	0.8202	0.861297	
0.277987	0.788322	0.721179	0.740255	0.919221	0.861297	0.8202	
0.380135	0.521945	0.521945	0.408058	0.584959	0.584959	0.390407	0.584959	0.584959	0.548098	
1.26206	1.29545	1.60864	1.60864	
0.369003	0.312245	0.374055	0.506972	0.592882	0.669898	0.637933	0.637933	0.575754	
0.298677	0.788322	0.502397	0.861297	0.919221	0.570314	0.564234	
0.251674	0.641234	0.762276	0.740255	0.788322	0.762276	0.576664	
0.261343	0.417938	0.436263	0.439597	0.647723	0.717675	0.804318	0.804318	
0.300038	0.753635	0.717675	0.804318	0.753635	0.804318	0.580348	0.753635	
0.216212	0.38779	0.406884	0.71495	0.71495	0.71495	0.71495	0.669898	0.71495	
0.446543	0.440429	0.478982	0.580348	0.647723	0.804318	0.717675	
0.266701	0.232305	0.425762	0.295754	0.54783	0.560917	0.390753	0.536123	0.669898	
0.323587	0.47298	0.418325	0.429448	0.250272	0.38696	0.493047	0.518178	0.643455	0.57414	
0.23319	0.413196	0.413196	0.366196	0.57414	0.57414	0.551826	0.518178	0.602908	0.643455	
0.176172	0.332103	0.551826	0.551826	0.533593	0.464279	0.57414	0.57414	0.602908	0.448864	
0.468368	0.553505	0.41712	0.9569	0.841375	1.07242	
0.762276	0.251674	0.474433	0.788322	0.762276	0.721179	0.861297	
1.28691	1.28691	1.28691	1.28691	1.28691	
0.570343	0.220215	0.522907	0.516495	0.804318	0.804318	0.689782	0.804318	
0.195746	0.470814	0.575754	0.61314	0.592882	0.669898	0.71495	0.71495	0.71495	
0.521945	0.211991	0.21821	0.190067	0.422072	0.341854	0.521945	0.485085	0.584959	0.584959	0.521945	
0.261343	0.570343	0.717675	0.439597	0.499025	0.647723	0.591225	0.552455	
0.291488	0.220215	0.631032	0.804318	0.591225	0.804318	0.753635	0.753635	
0.240031	0.176172	0.43551	0.366196	0.551826	0.643455	0.533593	0.57414	0.602908	0.643455	
0.369003	0.312245	0.374055	0.506972	0.592882	0.669898	0.637933	0.637933	0.575754	
0.243239	0.717675	0.31284	0.504581	0.717675	0.647723	0.689782	0.689782	
0.369003	0.266701	0.390753	0.515865	0.592882	0.71495	0.71495	0.592882	0.71495	
0.194591	0.369371	0.250272	0.551826	0.403665	0.533593	0.57414	0.643455	0.518178	0.57414	
0.417938	0.4837	0.717675	0.689782	0.753635	0.689782	0.631032	0.689782	
0.401458	0.527672	0.357532	0.919221	0.740255	0.919221	0.919221	
0.176901	0.380135	0.303955	0.22752	0.422072	0.319707	0.521945	0.471071	0.521945	0.50166	
0.266701	0.195746	0.425762	0.453686	0.637933	0.575754	0.71495	0.669898	0.669898	
0.622158	0.357532	0.5528	0.58331	0.740255	0.919221	0.740255	
0.237217	0.138994	0.125837	0.251198	0.190128	0.29514	0.352176	0.394161	0.45961	0.45961	0.381138	0.381138	0.45961	0.344651	
0.301912	0.176901	0.160156	0.317283	0.429982	0.366968	0.471071	0.50166	0.584959	0.50166	0.471071	
0.672775	0.68866	0.70622	1.07242	1.07242	0.821745	
0.2591	0.491071	0.27808	0.515865	0.592882	0.637933	0.71495	0.71495	0.71495	
0.261343	0.56108	0.522907	0.4837	0.529665	0.689782	0.616309	0.616309	
0.300038	0.243239	0.753635	0.753635	0.689782	0.647723	0.804318	0.804318	
0.539312	0.919709	1.07242	1.07242	1.07242	1.07242	
0.251674	0.474433	0.8202	0.740255	0.919221	0.861297	0.919221	
0.299371	0.160826	0.135517	0.494965	0.379267	0.494965	0.398599	0.463775	0.441646	0.424481	0.494965	0.410456	
0.251674	0.498587	0.641234	0.663255	0.641234	0.762276	0.8202	
1.5476	2.14485	2.14485	
0.523137	0.762276	0.613497	0.740255	0.919221	0.919221	0.704353	
0.610326	0.821745	1.00485	1.00485	0.760457	0.919709	
0.29362	0.9569	0.748106	1.07242	1.07242	1.07242	
0.291488	0.420812	0.417938	0.510396	0.753635	0.603139	0.753635	0.717675	
0.388651	0.9569	0.919709	0.821745	1.07242	1.07242	
0.342901	0.298677	0.861297	0.861297	0.919221	0.861297	0.919221	
0.251674	0.788322	0.919221	0.689301	0.8202	0.919221	0.675685	
0.58331	0.641234	0.721179	0.861297	0.919221	0.919221	0.788322	
0.400051	0.7883	0.748106	1.07242	0.889322	1.00485	
0.680529	0.7883	0.841375	1.00485	1.00485	0.773798	
0.243239	0.56108	0.804318	0.804318	0.689782	0.804318	0.804318	0.804318	
0.261343	0.31284	0.804318	0.804318	0.804318	0.717675	0.804318	0.616309	
0.277987	0.721179	0.919221	0.919221	0.704353	0.788322	0.919221	
0.400051	0.644933	1.07242	1.07242	0.9569	1.07242	
1.37956	1.23262	1.43535	1.29545	
0.348457	0.610326	0.919709	0.9569	1.07242	0.7883	
1.00965	1.20582	1.20582	1.28691	1.03636	
0.80733	0.897727	1.20582	1.14828	1.20582	
0.348457	0.7883	0.863631	1.07242	1.07242	0.841375	
0.352344	1.20582	1.06719	1.14828	1.28691	
0.324318	0.841375	1.00485	0.919709	1.07242	0.919709	
1.9138	1.9138	1.49621	
0.8202	0.861297	0.919221	0.8202	0.861297	0.740255	0.919221	
0.400051	0.348457	0.748106	1.00485	0.919709	1.07242	
0.29362	0.889322	0.863631	0.748106	0.9569	0.841375	
1.37956	1.60864	1.60864	1.23262	
0.80733	0.352344	0.826392	1.28691	1.06719	
1.06719	1.00965	1.28691	1.06719	1.20582	
0.277987	0.689301	0.762276	0.919221	0.762276	0.919221	0.8202	
0.298677	0.8202	0.502397	0.740255	0.861297	0.58331	0.8202	
0.351276	0.516495	0.243239	0.544388	0.804318	0.753635	0.616309	0.753635	
1.33398	1.37956	1.43535	1.50727	
0.539312	0.595391	0.672775	0.9569	0.863631	1.07242	
0.333129	0.576664	0.8202	0.762276	0.919221	0.675685	0.740255	
0.675685	0.704353	0.675685	0.675685	0.721179	0.919221	0.740255	
0.324318	0.773798	0.9569	0.748106	1.00485	1.00485	
0.576664	0.641234	0.861297	0.8202	0.861297	0.861297	0.919221	
0.29362	0.697209	0.7883	0.821745	1.07242	0.841375	
0.715747	0.841375	0.9569	0.919709	1.07242	1.00485	
0.261343	0.436263	0.4837	0.457745	0.689782	0.753635	0.804318	0.804318	
0.300038	0.261343	0.580348	0.666992	0.753635	0.580348	0.753635	0.753635	
0.324318	1.00485	1.00485	0.863631	0.9569	1.07242	
0.748106	0.9569	1.00485	1.07242	1.07242	1.07242	
0.715747	0.889322	1.07242	1.00485	1.07242	0.9569	
0.261343	0.420812	0.544388	0.717675	0.804318	0.631032	0.753635	0.753635	
0.673299	0.858896	1.20582	0.912549	1.14828	
0.333129	0.576664	0.689301	0.704353	0.762276	0.919221	0.861297	
0.348457	0.773798	0.9569	1.07242	0.9569	1.07242	
0.666992	0.261343	0.631032	0.666992	0.753635	0.804318	0.603139	0.689782	
0.266701	0.637933	0.38779	0.470814	0.575754	0.637933	0.453686	0.575754	0.669898	
0.351276	0.516495	0.243239	0.544388	0.753635	0.616309	0.753635	0.804318	
0.616309	0.689782	0.804318	0.804318	0.804318	0.804318	0.689782	0.804318	
0.403665	0.250272	0.413196	0.47298	0.551826	0.533593	0.57414	0.518178	0.464279	0.482511	
0.861297	0.59028	0.380255	0.919221	0.861297	0.721179	0.919221	
0.889322	0.29362	0.919709	0.9569	1.00485	1.07242	
0.298677	0.251674	0.861297	0.788322	0.919221	0.919221	0.919221	
1.9138	2.14485	1.72726	
0.388651	1.00485	1.07242	1.07242	1.07242	1.07242	
0.928557	0.965022	1.28691	1.14828	0.986094	
0.539312	0.9569	1.00485	0.680529	1.07242	1.07242	
1.60864	1.60864	1.60864	1.37956	
0.715747	0.863631	0.863631	1.07242	1.00485	0.841375	
0.352344	1.14828	1.28691	1.28691	1.20582	
1.43535	1.60864	1.20628	1.29545	
0.466381	0.986094	1.28691	1.03636	0.897727	
0.298677	0.622158	0.651821	0.8202	0.919221	0.8202	0.919221	
0.714469	0.897727	1.20582	1.20582	1.10365	
0.595391	0.29362	0.557251	0.9569	0.863631	0.841375	
1.14828	1.03636	1.10365	1.28691	0.79844	
0.893086	1.26206	1.37956	1.60864	
0.858896	1.14828	1.28691	1.28691	1.28691	
1.33398	1.37956	1.33398	1.26206	
0.502397	0.663255	0.8202	0.651821	0.58331	0.740255	0.58331	
0.897727	1.00965	0.986094	0.965022	1.10365	
0.415129	0.243239	0.753635	0.666992	0.56108	0.647723	0.552455	0.804318	
0.436263	0.56108	0.56108	0.580348	0.504581	0.717675	0.689782	0.689782	
0.664206	0.80733	1.20582	1.28691	1.28691	
0.561082	0.841375	0.889322	0.841375	1.07242	1.07242	
0.300038	0.415129	0.53681	0.591225	0.666992	0.647723	0.689782	0.689782	
0.352344	1.20582	1.20582	1.14828	1.14828	
0.841375	0.889322	0.919709	0.9569	0.9569	0.9569	
0.29417	0.76642	0.21821	0.176901	0.429982	0.471071	0.471071	0.521945	0.548098	
0.54783	0.374055	0.391493	0.637933	0.560917	0.575754	0.71495	0.637933	
0.466381	1.14828	1.10365	1.20582	1.28691	
0.54783	0.216212	0.195746	0.536123	0.637933	0.592882	0.560917	0.637933	0.515865	
0.400051	0.919709	0.7883	0.748106	0.9569	0.9569	
0.324318	0.348457	1.00485	0.9569	1.00485	1.07242	
0.291488	0.351276	0.332723	0.804318	0.804318	0.804318	0.753635	0.717675	
1.50727	1.60864	1.29545	1.60864	
0.738741	0.847464	1.28691	1.03636	0.871021	
0.965022	0.928557	1.20582	1.28691	1.28691	
0.477643	0.58331	0.788322	0.675685	0.919221	0.861297	0.919221	
0.912549	0.352344	0.897727	1.14828	1.20582	
0.298677	0.613497	0.689301	0.721179	0.651821	0.740255	0.788322	
0.418148	1.14828	1.28691	1.28691	1.28691	
0.725851	0.748106	0.919709	0.863631	1.07242	1.07242	
0.615618	0.736607	0.821745	1.00485	0.889322	0.863631	
0.748106	1.07242	0.9569	1.00485	1.07242	1.07242	
0.401458	0.613497	0.622158	0.651821	0.919221	0.919221	0.919221	
0.388651	0.586129	0.804185	0.841375	0.9569	1.00485	
0.29362	0.841375	0.889322	0.821745	0.9569	0.736607	
0.474433	0.788322	0.788322	0.704353	0.740255	0.762276	0.861297	
0.675685	0.721179	0.675685	0.663255	0.8202	0.762276	0.919221	
0.333129	0.251674	0.762276	0.740255	0.919221	0.861297	0.8202	
0.243239	0.56108	0.666992	0.31284	0.689782	0.647723	0.753635	0.689782	
0.21821	0.408058	0.548098	0.483961	0.390407	0.448224	0.438646	0.521945	0.471071	0.548098	
3.01454	3.21727	
0.23319	0.194591	0.533593	0.57414	0.408317	0.643455	0.518178	0.551826	0.57414	0.57414	
0.176172	0.429448	0.418325	0.266179	0.493047	0.602908	0.643455	0.504825	0.643455	0.602908	
1.10365	1.03636	0.965022	1.28691	1.20582	
0.986094	0.389182	0.871021	1.28691	1.28691	
0.816634	1.14828	1.14828	1.28691	1.28691	
0.369003	0.266701	0.591508	0.560917	0.54783	0.71495	0.71495	0.71495	
0.861297	0.641234	0.788322	0.721179	0.762276	0.740255	0.861297	
0.480061	1.03636	1.03636	1.14828	1.06719	
0.462268	0.480928	0.641234	0.8202	0.919221	0.919221	0.740255	
1.14828	1.10365	1.28691	1.28691	1.20582	
0.666992	0.47005	0.616309	0.591225	0.666992	0.717675	0.804318	0.753635	
0.466381	0.816634	1.03636	1.28691	1.28691	
0.29362	0.748106	0.863631	0.863631	0.9569	1.00485	
0.192517	0.330345	0.441646	0.410456	0.398599	0.463775	0.424481	0.357137	0.494965	0.424481	0.463775	0.463775	0.494965	
0.291488	0.552455	0.522685	0.717675	0.804318	0.804318	0.804318	
0.333129	0.251674	0.788322	0.788322	0.8202	0.8202	0.861297	
0.220215	0.717675	0.31284	0.591225	0.631032	0.591225	0.631032	0.753635	
0.324318	0.889322	1.07242	1.00485	1.07242	1.00485	
0.510335	0.641234	0.689301	0.740255	0.689301	0.861297	0.788322	
0.277987	0.740255	0.861297	0.919221	0.919221	0.788322	0.762276	
0.468368	0.889322	0.725851	0.821745	0.889322	0.919709	
0.562041	0.532357	0.847464	0.965022	0.986094	
0.616309	0.243239	0.504581	0.332723	0.647723	0.631032	0.689782	0.753635	
0.348457	0.68866	0.7883	1.07242	1.07242	1.00485	
0.194591	0.33435	0.448864	0.413196	0.429448	0.47298	0.533593	0.57414	0.602908	0.602908	
0.804185	0.680529	0.919709	0.7883	1.07242	0.9569	
0.532357	1.03636	1.20582	1.10365	1.14828	
0.221402	0.187347	0.129727	0.166848	0.532357	0.33655	0.321674	0.38276	0.345452	0.42897	0.42897	0.401939	0.42897	
1.14069	1.50727	1.37956	1.50727	
0.415129	0.243239	0.420812	0.552455	0.647723	0.804318	0.717675	0.753635	
0.342901	0.663255	0.788322	0.788322	0.704353	0.919221	0.788322	
0.715747	0.821745	0.9569	0.9569	1.00485	1.00485	
0.446543	0.417938	0.56108	0.510396	0.631032	0.631032	0.804318	0.689782	
0.462268	0.277987	0.605332	0.8202	0.704353	0.861297	0.721179	
0.889322	0.626733	0.863631	0.9569	0.889322	1.07242	
1.06719	0.352344	1.03636	1.20582	1.06719	
0.404484	0.291488	0.666992	0.631032	0.647723	0.753635	0.804318	0.717675	
0.576664	0.5372	0.704353	0.788322	0.788322	0.919221	0.919221	
0.68866	1.07242	1.07242	1.07242	1.07242	1.07242	
0.277987	0.689301	0.59028	0.762276	0.59028	0.721179	0.861297	
0.919709	2.14485	1.07242	0.863631	1.07242	
1.9138	2.00969	2.14485	
0.858896	0.986094	1.28691	1.20582	0.965022	
1.20582	0.732392	0.986094	1.03636	1.06719	
0.748106	0.773798	0.610326	1.07242	1.07242	1.00485	
0.689301	0.498587	0.663255	0.919221	0.919221	0.919221	0.919221	
0.29362	0.863631	0.725851	0.804185	0.863631	1.00485	
0.474433	0.357532	0.675685	0.861297	0.919221	0.919221	0.788322	
1.47321	1.77864	2.00969	
0.547408	0.58331	0.59028	0.740255	0.762276	0.762276	0.919221	
0.251674	0.613497	0.788322	0.689301	0.919221	0.788322	0.861297	
0.457745	0.689782	0.689782	0.666992	0.689782	1.26206	0.753635	
0.651821	0.277987	0.597608	0.740255	0.8202	0.788322	0.919221	
0.486478	0.220215	0.753635	0.570343	0.804318	0.804318	0.804318	
0.897727	1.20582	1.06719	1.28691	1.28691	
0.466381	1.20582	1.10365	1.28691	1.28691	
0.400051	0.760457	1.07242	1.00485	1.07242	1.07242	
0.897727	0.965022	0.965022	1.06719	1.28691	
0.38779	0.390753	0.425762	0.464806	0.459107	0.417822	0.592882	0.61314	0.560917	
0.389182	1.10365	0.883929	1.10365	1.28691	
0.209074	0.176172	0.429448	0.464279	0.38696	0.602908	0.551826	0.456274	0.643455	0.643455	
0.539312	0.658273	0.7883	0.736607	0.889322	1.07242	
0.863631	0.680529	0.665367	0.9569	0.9569	0.821745	
0.312245	0.195746	0.464806	0.27808	0.669898	0.637933	0.637933	0.637933	0.669898	
0.539312	0.889322	0.919709	1.07242	1.00485	1.07242	
0.887262	1.4517	2.00969	
0.400051	0.348457	0.715747	0.7883	0.919709	0.889322	
0.388651	0.760457	0.9569	0.9569	1.07242	1.07242	
1.12216	1.20628	1.60864	1.50727	
0.466381	0.562041	1.14828	1.28691	1.28691	
0.359541	0.390753	0.425762	0.459107	0.506972	0.417822	0.477164	0.575754	0.560917	
0.400051	0.7883	0.736607	1.00485	0.919709	0.889322	
0.220215	0.603139	0.436263	0.570343	0.504581	0.580348	0.717675	0.804318	
0.615618	0.841375	0.841375	0.863631	0.919709	1.07242	
0.539312	0.561082	0.70622	1.07242	1.07242	0.919709	
0.647175	0.912549	1.20582	1.20582	1.28691	
0.277987	0.502397	0.689301	0.8202	0.8202	0.919221	0.919221	
0.516495	0.580348	0.504581	0.457745	0.689782	0.666992	0.510396	0.804318	
0.400051	0.665367	0.658273	0.841375	0.919709	0.9569	
0.562041	0.928557	1.14828	1.20582	1.28691	
0.672775	0.443631	0.889322	0.804185	1.07242	1.07242	
0.527672	0.721179	0.704353	0.788322	0.919221	0.861297	0.919221	
0.359541	0.410412	0.27808	0.498737	0.575754	0.61314	0.575754	0.71495	0.669898	
0.400051	0.324318	0.557251	0.725851	0.748106	1.07242	
0.324318	0.68866	0.821745	1.07242	1.07242	1.07242	
0.2591	0.448517	0.312245	0.216212	0.536123	0.295754	0.592882	0.71495	0.71495	
0.324318	0.748106	0.773798	0.889322	1.00485	1.07242	
1.50727	1.20628	1.29545	1.60864	
0.357532	0.675685	0.613497	0.675685	0.663255	0.788322	0.740255	
0.400051	0.7883	0.29362	0.889322	1.07242	1.07242	
0.216212	0.498737	0.592882	0.27808	0.61314	0.575754	0.669898	0.61314	0.71495	
0.348457	0.748106	0.804185	0.586129	1.00485	1.00485	
0.804185	0.626733	0.9569	0.748106	1.07242	0.70622	
0.664206	1.10365	1.14828	1.20582	1.20582	
0.348457	0.68866	0.7883	1.00485	1.07242	1.07242	
0.418148	0.673299	0.928557	1.28691	1.28691	
0.29362	0.889322	0.748106	1.07242	1.00485	1.00485	
0.732392	0.883929	1.03636	1.03636	1.28691	
0.522685	1.60864	1.60864	1.60864	
0.251674	0.477643	0.498587	0.919221	0.919221	0.740255	0.919221	
0.241981	0.485085	0.50166	0.548098	0.548098	0.50166	0.584959	0.521945	0.584959	0.548098	0.584959	
0.748106	0.68866	0.9569	0.773798	0.9569	1.00485	
0.462268	0.251674	0.740255	0.740255	0.721179	0.919221	0.861297	
0.714469	0.738741	0.883929	1.03636	1.28691	
1.37956	1.60864	1.60864	1.60864	
0.389182	0.883929	1.10365	0.986094	1.28691	
0.400051	0.324318	0.680529	0.919709	1.07242	1.07242	
0.388651	0.400051	0.889322	0.680529	1.07242	0.9569	
0.400051	0.9569	0.7883	0.863631	1.07242	0.889322	
0.610326	1.07242	0.7883	1.00485	1.07242	1.00485	
0.220215	0.417938	0.436263	0.544388	0.689782	0.717675	0.647723	0.717675	
1.06719	1.06719	0.94596	1.06719	1.10365	
0.220215	0.439597	0.504581	0.580348	0.631032	0.647723	0.804318	0.647723	
0.446543	0.616309	0.666992	0.53681	0.647723	0.616309	0.804318	0.804318	
0.58331	0.740255	0.689301	0.8202	0.919221	0.740255	0.8202	
0.500544	1.14828	0.965022	1.06719	1.10365	
0.610326	0.919709	1.07242	1.07242	1.07242	1.00485	
0.243239	0.220215	0.616309	0.631032	0.689782	0.804318	0.717675	0.753635	
0.504581	0.516495	0.580348	0.616309	0.647723	0.804318	0.717675	0.804318	
0.883929	0.352344	1.03636	1.28691	1.28691	
0.255473	0.176901	0.241981	0.548098	0.548098	0.521945	0.50166	0.584959	0.521945	0.521945	0.584959	
0.389182	1.03636	1.14828	1.28691	1.00965	
1.47321	1.77864	2.00969	
0.266701	0.216212	0.464806	0.464806	0.592882	0.61314	0.477164	0.637933	0.669898	
0.31284	0.47005	0.717675	0.510396	0.631032	0.804318	0.717675	0.804318	
0.821745	0.9569	1.07242	1.07242	1.00485	1.07242	
0.581685	0.863631	1.00485	0.919709	0.804185	0.919709	
0.858896	1.00965	0.912549	1.03636	1.06719	
0.194591	0.176172	0.47298	0.551826	0.504825	0.533593	0.602908	0.643455	0.643455	0.643455	
0.348457	0.615618	0.919709	0.821745	1.07242	0.919709	
0.736607	0.324318	0.863631	0.889322	0.841375	0.863631	
0.45504	0.448224	0.429982	0.521945	0.521945	0.50166	0.50166	0.584959	0.584959	0.584959	
0.277987	0.721179	0.704353	0.740255	0.740255	0.861297	0.919221	
0.474433	0.641234	0.740255	0.8202	0.762276	0.919221	0.919221	
0.725851	0.748106	0.804185	0.680529	0.841375	1.07242	
0.348457	0.863631	0.9569	1.07242	1.07242	0.9569	
0.680529	0.443631	0.889322	1.00485	0.9569	0.863631	
0.324318	0.557251	0.665367	1.00485	1.00485	0.863631	
0.277987	0.298677	0.59028	0.8202	0.919221	0.740255	0.861297	
0.352344	0.532357	0.871021	1.03636	1.14828	
0.240031	0.349011	0.429448	0.266179	0.38696	0.533593	0.504825	0.456274	0.643455	0.643455	
0.333129	0.740255	0.58331	0.919221	0.919221	0.861297	0.919221	
0.858896	0.965022	1.28691	1.28691	1.28691	
0.9569	0.821745	0.863631	0.889322	0.9569	0.919709	
1.10365	1.28691	1.20582	1.14828	1.28691	
0.725851	0.610326	0.841375	0.863631	1.07242	1.07242	
0.889322	0.29362	1.00485	0.9569	1.00485	0.889322	
0.232305	0.27808	0.295754	0.498737	0.592882	0.637933	0.637933	0.71495	0.71495	
0.847464	0.847464	0.965022	0.965022	1.03636	
0.277987	0.251674	0.919221	0.919221	0.919221	0.919221	0.919221	
0.647175	1.06719	1.03636	1.00965	1.03636	
0.664206	0.912549	1.14828	1.28691	1.28691	
0.29362	0.863631	1.07242	0.889322	1.00485	0.821745	
0.816634	0.532357	1.20582	1.14828	1.03636	
0.468368	0.626733	0.919709	0.804185	0.863631	1.07242	
0.597355	0.788322	0.721179	0.605332	0.919221	0.8202	
2.04159	2.8707	
0.351276	0.522685	0.417938	0.522907	0.580348	0.689782	0.804318	
0.324318	0.863631	0.725851	0.863631	1.00485	0.919709	
0.209074	0.250272	0.413196	0.57414	0.482511	0.602908	0.518178	0.448864	0.551826	0.602908	
0.510335	0.762276	0.663255	0.59028	0.641234	0.919221	0.8202	
0.176901	0.160156	0.319707	0.471071	0.438646	0.50166	0.50166	0.50166	0.521945	0.548098	0.584959	
0.29362	0.9569	0.863631	1.07242	1.07242	1.07242	
0.615618	0.760457	0.748106	1.07242	0.9569	0.889322	
0.841375	0.561082	0.821745	0.889322	0.9569	0.919709	
1.12216	1.43535	1.33398	1.50727	
0.863631	1.00485	0.9569	1.00485	1.00485	0.821745	
1.14069	1.50727	1.43535	1.33398	
0.527672	0.8202	0.721179	0.740255	0.704353	0.919221	0.919221	
1.50727	1.29545	1.05933	1.60864	
0.232305	0.195746	0.477164	0.560917	0.506972	0.575754	0.61314	0.592882	0.71495	
0.858896	0.94596	1.28691	1.28691	1.28691	
1.50727	1.50727	1.60864	1.33398	
0.897727	1.10365	1.03636	1.14828	1.28691	
0.773798	0.821745	0.821745	1.07242	1.07242	1.07242	
0.353802	0.332905	0.348351	0.362927	0.422072	0.548098	0.548098	0.548098	0.584959	0.471071	
0.841375	0.748106	0.863631	1.00485	0.9569	1.00485	
0.194591	0.176172	0.448864	0.602908	0.57414	0.441964	0.47298	0.602908	0.602908	0.643455	
1.00485	1.07242	1.07242	1.07242	0.9569	1.07242	
0.251674	0.477643	0.502397	0.5372	0.641234	0.762276	0.8202	
1.12216	1.23262	1.60864	1.60864	
0.732392	0.816634	1.28691	1.20582	1.28691	
0.474433	0.380255	0.919221	0.919221	0.919221	0.919221	0.861297	
0.762276	0.298677	0.740255	0.762276	0.919221	0.919221	0.919221	
1.10365	1.20582	1.20582	1.20582	1.28691	
0.762276	0.605332	0.641234	0.861297	0.861297	0.919221	0.919221	
0.23319	0.194591	0.209074	0.33435	0.351678	0.456274	0.504825	0.551826	0.602908	0.57414	
0.277987	0.251674	0.762276	0.788322	0.641234	0.788322	0.8202	
0.522685	1.18245	1.50727	1.60864	
0.388651	0.586129	0.804185	0.841375	0.9569	1.00485	
0.276753	0.386899	0.348605	0.47845	0.313366	0.357873	0.502423	0.459855	0.47845	0.431815	0.459855	0.420688	
0.417938	0.529665	0.753635	0.689782	0.666992	0.804318	0.804318	0.804318	
0.300038	0.220215	0.631032	0.616309	0.544388	0.603139	0.529665	0.804318	
0.261343	0.510396	0.510396	0.666992	0.647723	0.804318	0.804318	0.804318	
0.281021	0.413196	0.448864	0.366196	0.551826	0.441964	0.643455	0.643455	0.602908	0.643455	
1.05933	1.60864	1.60864	1.60864	
1.37956	1.18245	1.50727	1.50727	
0.261343	0.31284	0.332723	0.647723	0.56108	0.804318	0.804318	0.804318	
1.72726	1.83942	2.00969	
0.539312	0.9569	0.821745	0.889322	1.00485	1.00485	
1.43535	1.43535	1.50727	1.60864	
0.174228	0.672775	0.313366	0.340264	0.420688	0.431815	0.431815	0.502423	0.536212	0.502423	0.536212	
0.440429	1.20628	1.60864	1.60864	
0.348457	0.919709	1.07242	1.07242	1.07242	0.889322	
0.821745	0.863631	1.00485	1.07242	1.00485	0.919709	
0.957964	1.43535	1.50727	1.43535	
0.804185	0.841375	0.715747	0.773798	0.9569	0.919709	
0.766371	1.14828	0.986094	1.28691	1.28691	
0.300038	0.220215	0.717675	0.544388	0.689782	0.753635	0.804318	0.753635	
1.1607	1.33398	1.50727	1.37956	
0.342901	0.721179	0.762276	0.861297	0.689301	0.721179	0.8202	
0.149685	0.284131	0.34528	0.192517	0.441646	0.339973	0.379267	0.379267	0.463775	0.424481	0.463775	0.494965	0.494965	
0.277987	0.622158	0.740255	0.8202	0.919221	0.919221	0.919221	
0.863631	0.725851	0.70622	0.841375	0.919709	1.00485	
0.432424	0.592882	0.560917	0.470814	0.71495	0.669898	0.71495	0.71495	
0.889322	1.07242	1.07242	1.00485	1.07242	1.07242	
0.466381	1.03636	1.03636	1.20582	1.28691	
0.342901	0.251674	0.704353	0.919221	0.919221	0.919221	0.788322	
0.29362	0.9569	0.919709	1.00485	1.07242	1.07242	
0.333129	0.641234	0.704353	0.788322	0.762276	0.788322	0.788322	
0.466381	0.897727	1.20582	1.28691	1.20582	
0.462268	0.675685	0.613497	0.861297	0.861297	0.919221	0.919221	
0.400051	0.841375	0.919709	1.00485	1.00485	1.07242	
0.498587	0.740255	0.704353	0.919221	0.919221	0.919221	0.919221	
0.27808	0.525533	0.477164	0.525533	0.515865	0.61314	0.575754	0.71495	0.669898	
0.841375	0.919709	0.804185	0.889322	0.9569	1.07242	
0.480928	2.22076	2.58389	
0.466381	0.532357	0.826392	1.14828	1.03636	
0.804185	0.468368	0.615618	1.00485	1.07242	1.07242	
0.664206	0.75208	0.965022	1.28691	1.14828	
0.352344	0.986094	1.28691	1.28691	1.28691	
0.352344	1.14828	1.10365	1.28691	1.28691	
0.592882	0.27808	0.536123	0.453686	0.575754	0.536123	0.575754	0.669898	0.669898	
0.595391	0.400051	0.919709	0.748106	0.9569	1.07242	
0.773798	0.748106	1.07242	1.00485	1.07242	1.07242	
0.647723	0.647723	0.616309	0.804318	0.717675	0.753635	0.717675	0.753635	
0.965022	1.20582	1.10365	1.28691	1.28691	
0.332103	0.240031	0.194591	0.209074	0.37604	0.57414	0.441964	0.518178	0.602908	0.643455	
0.23319	0.332103	0.532357	0.551826	0.464279	0.551826	0.504825	0.602908	0.602908	
0.277987	0.721179	0.689301	0.919221	0.919221	0.861297	0.919221	
0.332103	0.480061	0.194591	0.57414	0.643455	0.57414	0.602908	0.643455	0.643455	
0.333129	0.641234	0.8202	0.740255	0.721179	0.721179	0.788322	
0.673299	0.986094	1.03636	1.28691	1.28691	
0.480061	1.14828	1.03636	1.10365	1.28691	
0.47005	0.666992	0.499025	0.493705	0.552455	0.753635	0.804318	0.804318	
0.352344	0.912549	1.20582	1.28691	1.14828	
0.522685	1.03299	1.60864	1.60864	
0.281021	0.176172	0.394964	0.57414	0.602908	0.493047	0.643455	0.643455	0.602908	0.643455	
0.209074	0.176172	0.349011	0.518178	0.504825	0.551826	0.551826	0.57414	0.57414	0.602908	
0.220215	0.580348	0.504581	0.580348	0.591225	0.717675	0.804318	0.804318	
0.965022	1.10365	1.03636	1.10365	1.28691	
0.466381	0.79844	0.789928	1.10365	1.20582	
0.457745	0.436263	0.439597	0.31284	0.529665	0.47005	0.591225	0.804318	
0.251674	0.357532	0.762276	0.740255	0.762276	0.919221	0.919221	
0.348457	0.889322	0.919709	1.07242	1.07242	1.07242	
0.626733	1.00485	1.07242	1.00485	1.07242	0.9569	
0.251674	0.663255	0.704353	0.788322	0.8202	0.919221	0.919221	
1.00965	0.965022	1.14828	1.14828	1.28691	
0.261343	0.220215	0.417938	0.332723	0.56108	0.666992	0.753635	0.753635	
0.369003	0.61314	0.38779	0.575754	0.470814	0.61314	0.453686	0.525533	0.536123	
0.615618	1.00485	0.748106	0.889322	0.9569	1.00485	
0.389182	0.897727	1.03636	1.10365	1.28691	
0.504581	0.647723	0.631032	0.616309	0.591225	0.510396	0.753635	0.804318	
1.10365	1.28691	1.28691	1.28691	1.28691	
0.861297	0.357532	0.8202	0.861297	0.740255	0.861297	0.861297	
0.626733	1.00485	0.863631	0.70622	0.889322	1.07242	
0.603139	0.243239	0.220215	0.717675	0.753635	0.753635	0.689782	0.717675	
0.2591	0.195746	0.491071	0.491071	0.71495	0.71495	0.637933	0.71495	0.71495	
0.266701	0.232305	0.3715	0.498737	0.390753	0.61314	0.61314	0.71495	0.71495	
0.61314	0.312245	0.266701	0.216212	0.506972	0.592882	0.560917	0.637933	0.71495	
0.2591	0.432424	0.3715	0.560917	0.54783	0.560917	0.637933	0.71495	
0.389182	1.10365	1.14828	1.10365	1.20582	
0.400051	0.760457	1.07242	0.9569	0.919709	1.00485	
0.480061	1.14828	1.14828	1.20582	1.28691	
0.23319	0.332103	0.209074	0.464279	0.518178	0.47298	0.456274	0.602908	0.643455	0.504825	
0.2591	0.390753	0.560917	0.525533	0.54783	0.669898	0.71495	0.71495	0.71495	
0.348457	0.715747	1.07242	1.07242	1.07242	1.07242	
0.277987	0.58331	0.523137	0.605332	0.8202	0.919221	0.919221	
1.33398	1.50727	1.50727	1.60864	
0.863631	1.07242	1.07242	1.07242	1.07242	0.9569	
0.277987	0.502397	0.547408	0.5372	0.613497	0.788322	0.721179	
0.243239	0.436263	0.631032	0.631032	0.717675	0.616309	0.647723	0.666992	
0.615618	0.736607	0.821745	1.00485	0.889322	0.863631	
0.714469	0.897727	1.00965	1.10365	1.28691	
0.647175	0.897727	1.14828	1.20582	1.14828	
0.415129	0.702551	0.56108	0.56108	0.689782	0.804318	0.753635	
0.468368	0.773798	0.9569	1.07242	1.07242	1.07242	
0.21821	0.190067	0.485085	0.22752	0.241981	0.471071	0.414795	0.50166	0.50166	0.521945	0.584959	
0.276753	0.20856	0.443631	0.459855	0.47845	0.47845	0.386899	0.431815	0.368304	0.444661	0.536212	
0.216212	0.232305	0.536123	0.560917	0.61314	0.669898	0.71495	0.71495	0.669898	
0.291488	0.516495	0.616309	0.753635	0.717675	0.717675	0.753635	0.717675	
0.348457	0.626733	0.586129	0.804185	0.889322	1.07242	
1.10365	0.858896	1.10365	1.06719	1.28691	
0.211991	0.380135	0.390407	0.422072	0.22752	0.241981	0.414795	0.521945	0.548098	0.521945	
0.665446	1.29545	1.37956	1.43535	
0.404484	0.689782	0.647723	0.529665	0.510396	0.591225	0.631032	0.804318	
0.459107	0.232305	0.459107	0.61314	0.61314	0.592882	0.71495	0.71495	0.71495	
0.816634	0.897727	1.06719	1.20582	1.28691	
0.418148	1.03636	0.703355	1.10365	1.28691	
0.965022	1.14828	0.79844	0.789928	1.20582	
0.443631	0.9569	0.863631	0.9569	1.07242	1.07242	
0.251674	0.762276	0.740255	0.721179	0.861297	0.8202	0.788322	
0.418148	1.20582	1.28691	1.28691	1.28691	
0.522685	1.26206	1.43535	1.60864	
0.466381	0.912549	0.986094	0.965022	1.00965	
0.613497	0.704353	0.8202	0.8202	0.861297	0.861297	0.762276	
1.83942	2.14485	2.14485	
0.160156	0.301912	0.422072	0.50166	0.471071	0.548098	0.471071	0.548098	0.584959	0.50166	0.521945	
0.388651	0.725851	1.07242	1.07242	1.00485	1.07242	
0.301912	0.366968	0.301912	0.408058	0.485085	0.448224	0.471071	0.584959	0.584959	0.584959	0.584959	
0.261343	0.220215	0.478982	0.439597	0.504581	0.717675	0.499025	0.717675	
0.388651	0.804185	0.773798	1.07242	1.00485	1.07242	
0.342901	0.689301	0.762276	0.59028	0.564234	0.762276	0.762276	
0.702551	0.300038	0.31284	0.666992	0.804318	0.804318	0.753635	
0.298677	0.613497	0.689301	0.721179	0.651821	0.740255	0.788322	
0.300038	0.504581	0.665446	0.717675	0.689782	0.631032	0.753635	
1.26206	1.23262	1.37956	1.60864	
0.480061	1.03636	1.06719	1.10365	1.03636	
0.79844	0.789928	0.94596	0.883929	0.965022	
0.480061	0.883929	1.06719	1.06719	1.20582	
1.20628	1.37956	1.33398	1.60864	
0.482511	0.281021	0.332103	0.418325	0.250272	0.266179	0.551826	0.518178	0.643455	0.643455	
0.753635	0.717675	0.666992	0.666992	0.689782	0.753635	0.647723	0.804318	
0.58331	0.58331	0.641234	0.622158	0.8202	0.919221	0.8202	
0.965022	1.20582	1.10365	1.28691	1.28691	
0.369003	0.266701	0.195746	0.54783	0.459107	0.637933	0.669898	0.71495	0.71495	
1.10365	0.94596	1.06719	1.20582	1.20582	
1.10365	1.20582	1.28691	1.14828	1.28691	
0.562041	0.209074	0.332103	0.493047	0.551826	0.57414	0.643455	0.643455	0.643455	
0.324318	0.697209	0.863631	0.821745	1.07242	1.07242	
0.359541	0.369003	0.27808	0.459107	0.669898	0.575754	0.637933	0.71495	0.61314	
0.389182	0.57414	0.504825	0.39922	0.394964	0.47298	0.504825	0.518178	0.57414	
0.889322	0.680529	0.821745	0.863631	0.919709	1.07242	
0.352344	1.00965	1.20582	1.28691	1.28691	
0.333129	0.342901	0.663255	0.721179	0.762276	0.58331	0.8202	
0.510335	0.788322	0.631378	0.342901	0.740255	0.8202	0.861297	
0.211991	0.306045	0.160156	0.319707	0.422072	0.448224	0.414795	0.408058	0.458932	0.548098	0.548098	
0.333129	0.342901	0.357532	0.721179	0.8202	0.8202	0.788322	
1.06719	0.897727	0.965022	1.28691	1.28691	
0.211991	0.353802	0.319707	0.408058	0.408058	0.50166	0.548098	0.521945	0.584959	0.485085	
1.06719	1.10365	1.28691	1.28691	1.28691	
0.388651	0.29362	0.70622	1.00485	1.07242	1.07242	
0.616309	0.552455	0.647723	0.804318	0.804318	0.804318	0.804318	0.804318	
0.240031	0.349011	0.413196	0.504825	0.57414	0.43551	0.423732	0.57414	0.602908	0.602908	
0.277987	0.523137	0.570314	0.564234	0.762276	0.919221	0.762276	
1.10365	0.986094	1.10365	1.14828	1.28691	
0.333129	0.740255	0.689301	0.721179	0.919221	0.740255	0.919221	
1.06719	0.352344	1.03636	0.897727	1.28691	
0.403665	0.194591	0.429448	0.493047	0.366196	0.533593	0.482511	0.551826	0.643455	0.643455	
0.638643	0.841375	0.748106	0.889322	1.07242	1.07242	
0.610326	0.715747	0.863631	1.00485	0.841375	1.00485	
0.333129	0.740255	0.8202	0.663255	0.919221	0.919221	0.919221	
0.342901	0.298677	0.641234	0.689301	0.502397	0.861297	0.919221	
0.324318	0.863631	0.725851	0.863631	1.00485	0.919709	
0.94596	0.80733	1.06719	0.928557	1.06719	
0.29362	0.863631	0.672775	0.773798	0.841375	0.863631	
0.298677	0.251674	0.641234	0.689301	0.740255	0.502397	0.788322	
1.50727	1.60864	1.60864	1.60864	
0.211991	0.190067	0.160156	0.22752	0.319707	0.50166	0.50166	0.584959	0.548098	0.584959	0.521945	
0.352344	1.14828	1.20582	1.14828	1.14828	
0.664206	1.10365	1.14828	1.20582	1.20582	
0.553505	0.821745	1.00485	0.70622	0.889322	1.07242	
0.232305	0.369003	0.410412	0.498737	0.525533	0.390753	0.448517	0.669898	0.443578	
0.388651	0.680529	0.821745	0.841375	0.9569	0.889322	
0.277987	0.502397	0.547408	0.5372	0.613497	0.788322	0.721179	
0.68866	0.68866	0.680529	0.919709	0.9569	1.00485	
0.324318	0.443631	0.863631	0.7883	1.00485	1.00485	
1.03636	1.20582	1.28691	1.28691	1.28691	
0.915489	0.689782	0.689782	0.753635	0.804318	0.804318	0.804318	
0.195746	0.369003	0.464806	0.295754	0.592882	0.575754	0.637933	0.71495	0.71495	
0.277987	0.502397	0.547408	0.5372	0.762276	0.788322	0.721179	
0.897727	0.986094	1.14828	1.28691	1.14828	
0.2591	0.491071	0.483901	0.470814	1.09566	0.560917	0.54783	0.669898	
0.401458	0.251674	0.861297	0.861297	0.919221	0.919221	0.919221	
1.43535	1.33398	1.60864	1.60864	
0.29362	0.557251	0.919709	1.07242	1.00485	1.07242	
1.00965	0.912549	1.03636	1.06719	1.03636	
0.266701	0.216212	0.195746	0.3715	0.498737	0.575754	0.515865	0.575754	0.71495	
1.20582	0.94596	1.20582	1.20582	1.28691	
0.457745	0.261343	0.461713	0.417938	0.439597	0.647723	0.689782	0.689782	
0.665446	1.37956	1.33398	1.43535	
0.29362	0.863631	0.725851	0.804185	0.919709	1.00485	
0.29362	0.863631	0.725851	0.804185	0.863631	1.00485	
0.331628	0.2686	0.344651	0.360589	0.430649	0.370127	0.381138	0.381138	0.45961	0.45961	0.430649	0.45961	0.430649	0.430649	
0.415129	0.647723	0.631032	0.544388	0.603139	0.647723	0.689782	0.717675	
0.348457	0.9569	0.841375	1.07242	1.07242	1.00485	
0.298677	0.251674	0.704353	0.861297	0.919221	0.919221	0.919221	
0.714469	0.352344	1.03636	0.816634	1.20582	
0.714469	0.897727	0.965022	1.10365	0.928557	
0.615618	0.725851	0.70622	0.919709	1.00485	1.07242	
0.348457	0.9569	0.919709	0.919709	1.07242	1.07242	
1.20582	1.20582	0.986094	1.06719	1.06719	
2.66797	1.60864	1.60864	
1.20628	1.43535	1.33398	1.60864	
0.276753	0.468368	0.200025	0.174228	0.20856	0.221815	0.444661	0.380229	0.502423	0.47845	0.536212	
1.72726	2.00969	2.00969	
0.324318	0.773798	0.9569	1.07242	1.07242	1.07242	
0.234184	0.162159	0.14681	0.290842	0.410872	0.380229	0.374053	0.459855	0.431815	0.431815	0.444661	0.536212	
0.965022	0.847464	1.03636	1.00965	1.28691	
0.928557	1.14828	0.816634	0.965022	1.28691	
0.586129	0.665367	0.658273	0.7883	0.889322	1.00485	
1.23262	1.50727	1.60864	1.60864	
0.301912	0.255473	0.190067	0.160156	0.485085	0.50166	0.50166	0.584959	0.548098	0.584959	0.584959	
0.291488	0.415129	0.332723	0.753635	0.753635	0.647723	0.804318	0.804318	
1.12216	1.43535	1.33398	1.50727	
1.26206	1.33398	1.43535	1.50727	
1.20582	0.928557	1.14828	1.03636	1.28691	
0.23319	0.281021	0.194591	0.43551	0.266179	0.493047	0.408317	0.518178	0.57414	0.643455	
0.352344	1.10365	1.28691	1.28691	1.28691	
0.570343	0.56108	0.689782	0.753635	0.753635	0.753635	0.804318	0.804318	
0.389182	1.03636	1.20582	1.03636	1.28691	
0.647175	0.897727	1.14828	1.20582	1.14828	
0.816634	1.20582	1.14828	1.28691	1.28691	
0.533593	0.366196	0.533593	0.602908	0.551826	0.643455	0.643455	0.643455	0.643455	0.643455	
0.847464	1.10365	1.20582	1.28691	1.28691	
0.500544	1.03636	1.03636	0.94596	1.10365	
0.220215	0.580348	0.510396	0.516495	0.647723	0.647723	0.717675	0.753635	
0.277987	0.570314	0.564234	0.740255	0.8202	0.762276	0.919221	
0.211991	0.380135	0.390407	0.422072	0.22752	0.241981	0.414795	0.521945	0.548098	0.521945	
1.14828	0.965022	1.20582	1.20582	1.28691	
0.666992	0.753635	0.804318	0.804318	0.804318	0.717675	0.804318	0.804318	
0.195746	0.410412	0.536123	0.637933	0.592882	0.71495	0.71495	0.669898	0.71495	
0.847464	1.14828	1.28691	1.28691	1.28691	
0.400051	0.841375	0.919709	0.889322	0.919709	1.07242	
0.58331	0.689301	0.740255	0.861297	0.861297	0.8202	0.8202	
0.680529	0.804185	0.863631	0.821745	0.7883	0.919709	
0.351276	0.243239	0.261343	0.717675	0.4837	0.591225	0.689782	0.753635	
0.897727	1.10365	1.20582	1.20582	1.20582	
0.342901	0.8202	0.675685	0.740255	0.861297	0.740255	0.704353	
0.459107	0.216212	0.410412	0.669898	0.295754	0.54783	0.669898	0.71495	0.71495	
0.466381	1.14828	1.00965	1.06719	1.20582	
0.160156	0.380296	0.390407	0.385211	0.429982	0.351782	0.50166	0.485085	0.485085	0.584959	0.485085	
0.348457	0.773798	0.626733	0.586129	1.00485	1.07242	
0.342901	0.861297	0.641234	0.788322	0.861297	0.788322	0.919221	
0.532357	1.10365	1.06719	1.14828	1.28691	
0.766371	0.847464	1.03636	1.28691	1.10365	
0.300038	0.243239	0.552455	0.570343	0.689782	0.616309	0.753635	0.804318	
1.00965	0.816634	1.28691	1.14828	1.28691	
1.50727	1.03299	1.60864	1.60864	
0.923427	1.37956	1.60864	1.60864	
0.404484	0.753635	0.47005	0.647723	0.717675	0.666992	0.689782	0.647723	
0.374055	0.425762	0.575754	0.575754	0.637933	0.637933	0.637933	0.71495	0.669898	
0.251674	0.5372	0.651821	0.613497	0.689301	0.788322	0.919221	
0.194591	0.533593	0.57414	0.482511	0.602908	0.602908	0.57414	0.57414	0.57414	0.643455	
0.610326	0.9569	0.821745	1.07242	1.07242	1.07242	
0.333129	0.605332	0.8202	0.788322	0.762276	0.861297	0.919221	
1.29545	1.33398	1.50727	1.50727	
0.576664	0.641234	0.613497	0.788322	0.861297	0.788322	0.919221	
1.43535	1.50727	1.50727	1.23262	
0.841375	1.00485	0.9569	0.841375	1.07242	1.07242	
0.912549	0.858896	0.858896	0.965022	1.20582	
0.672775	0.919709	0.7883	0.773798	0.9569	0.863631	
1.00485	0.889322	0.821745	1.07242	1.07242	1.00485	
0.863631	0.821745	0.9569	1.00485	0.9569	1.00485	
0.162159	0.14681	0.278625	0.20856	0.35311	0.35311	0.459855	0.431815	0.47845	0.536212	0.536212	0.536212	
1.20582	0.965022	1.20582	1.20582	1.20582	
0.29362	0.7883	0.7883	0.889322	0.863631	0.9569	
0.919709	0.889322	0.841375	0.863631	1.00485	1.07242	
0.561082	0.7883	0.665367	0.821745	1.07242	1.07242	
0.251674	0.663255	0.721179	0.704353	0.861297	0.740255	0.919221	
0.243239	0.4837	0.631032	0.570343	0.647723	0.603139	0.647723	0.689782	
0.714469	0.480061	1.14828	1.06719	1.20582	
0.41712	0.68866	0.863631	0.773798	0.9569	0.919709	
0.243239	0.31284	0.332723	0.666992	0.717675	0.804318	0.804318	0.804318	
0.740255	0.480928	0.861297	0.762276	0.740255	0.704353	0.919221	
1.43535	1.43535	1.50727	1.50727	
0.539312	0.553505	1.00485	0.9569	0.889322	1.07242	
0.631032	0.603139	0.510396	0.580348	0.717675	0.666992	0.666992	0.753635	
0.255473	0.160156	0.366968	0.485085	0.471071	0.584959	0.584959	0.584959	0.584959	0.584959	0.584959	
0.374055	0.369003	0.61314	0.575754	0.470814	0.448517	0.560917	0.61314	0.592882	
0.374694	0.129727	0.442804	0.166848	0.309519	0.38276	0.345452	0.401939	0.42897	0.42897	0.42897	0.42897	0.42897	
0.351276	0.220215	0.56108	0.717675	0.804318	0.804318	0.804318	0.804318	
0.298677	0.251674	0.477643	0.547408	0.502397	0.740255	0.861297	
0.291488	0.631032	0.753635	0.47005	0.510396	0.499025	0.647723	0.804318	
0.349011	0.351678	0.37604	0.37604	0.602908	0.551826	0.518178	0.408317	0.39922	0.57414	
0.266701	0.232305	0.54783	0.390753	0.669898	0.637933	0.71495	0.71495	0.71495	
0.595391	0.400051	0.680529	0.9569	1.07242	1.07242	
0.243239	0.56108	0.603139	0.717675	0.666992	0.666992	0.753635	0.753635	
0.243239	0.31284	0.647723	0.689782	0.804318	0.717675	0.753635	0.804318	
0.332103	0.209074	0.176172	0.33435	0.43551	0.37604	0.57414	0.551826	0.57414	0.643455	
0.553505	0.400051	0.863631	0.665367	0.658273	1.00485	
0.332103	0.209074	0.176172	0.349011	0.533593	0.482511	0.37604	0.351678	0.403665	0.533593	
0.332103	0.281021	0.33435	0.43551	0.518178	0.504825	0.39922	0.518178	0.57414	0.643455	
0.374055	0.369003	0.61314	0.575754	0.470814	0.448517	0.560917	0.61314	0.592882	
0.389182	0.369371	0.43551	0.37604	0.403665	0.533593	0.57414	0.551826	0.643455	
0.266701	0.232305	0.195746	0.425762	0.390753	0.448517	0.443578	0.669898	0.71495	
0.21617	0.339973	0.135517	0.385034	0.204753	0.330345	0.424481	0.379267	0.424481	0.388327	0.494965	0.494965	
0.510946	0.332905	0.160156	0.22752	0.50166	0.584959	0.584959	0.584959	0.584959	0.521945	
0.184639	0.281689	0.135517	0.321789	0.204753	0.410456	0.424481	0.441646	0.410456	0.98993	0.494965	0.494965	
0.261343	0.516495	0.591225	0.689782	0.717675	0.666992	0.804318	0.804318	
0.351276	0.552455	0.243239	0.415129	0.804318	0.804318	0.804318	0.804318	
0.2591	0.62449	0.464806	0.61314	0.443578	0.61314	0.637933	0.71495	
0.255464	0.21617	0.160826	0.357137	0.31409	0.321789	0.192517	0.363831	0.371162	0.463775	0.494965	0.494965	0.494965	
0.448864	0.418325	0.413196	0.43551	0.986094	0.518178	1.10365	0.602908	
0.522907	0.439597	0.31284	0.717675	0.753635	0.666992	0.804318	0.753635	
0.539312	0.841375	1.07242	1.00485	1.07242	1.00485	
0.281021	0.176172	0.250272	0.798536	0.518178	0.551826	0.602908	0.643455	
0.216212	0.38779	0.592882	0.575754	0.669898	0.61314	0.71495	0.71495	0.669898	
0.610326	1.00485	1.00485	1.00485	1.07242	1.00485	
0.41712	0.773798	0.7883	0.889322	1.07242	1.07242	
0.762276	0.58331	0.570314	0.631378	0.675685	0.8202	0.861297	
0.826392	0.912549	1.28691	1.28691	1.14828	
0.195746	0.390753	0.506972	0.61314	0.575754	0.575754	0.54783	0.637933	0.669898	
0.324318	0.919709	0.773798	0.9569	0.919709	0.919709	
0.380255	0.59028	0.58331	0.8202	0.919221	0.919221	0.919221	
0.668701	0.703355	0.766371	1.03636	1.28691	
0.251674	0.502397	0.357532	0.704353	0.721179	0.762276	0.740255	
0.324759	0.319707	0.348351	0.408058	0.341854	0.422072	0.408058	0.366968	0.548098	0.584959	0.584959	
0.342901	0.277987	0.5372	0.675685	0.704353	0.919221	0.919221	
1.18245	1.1607	1.43535	1.50727	
0.2591	0.453686	0.525533	0.637933	0.575754	0.637933	0.669898	0.71495	0.71495	
0.251674	0.357532	0.762276	0.8202	0.740255	0.740255	0.8202	
0.243239	0.420812	0.753635	0.804318	0.804318	0.753635	0.647723	0.753635	
0.54783	0.406884	0.575754	0.61314	0.525533	0.61314	0.575754	0.669898	0.71495	
0.641234	0.641234	0.704353	0.788322	0.788322	0.740255	0.919221	
0.466381	0.533593	0.37604	0.47298	0.533593	0.441964	0.57414	0.533593	0.643455	
0.291488	0.31284	0.666992	0.689782	0.689782	0.591225	0.689782	0.753635	
0.243239	0.647723	0.631032	0.510396	0.647723	0.717675	0.804318	0.753635	
0.243239	0.666992	0.647723	0.616309	0.591225	0.717675	0.717675	0.753635	
0.523137	0.704353	0.788322	0.861297	0.861297	0.788322	0.919221	
0.324318	0.841375	0.841375	0.841375	0.919709	1.07242	
0.401458	0.704353	0.861297	0.788322	0.788322	0.861297	0.919221	
0.291488	0.220215	0.436263	0.544388	0.631032	0.647723	0.717675	0.804318	
0.243239	0.544388	0.631032	0.510396	0.647723	0.689782	0.753635	0.804318	
0.400051	0.725851	0.889322	0.680529	0.7883	1.00485	
0.359541	0.195746	0.575754	0.61314	0.525533	0.637933	0.575754	0.61314	0.71495	
0.462268	0.605332	0.788322	0.788322	0.740255	0.788322	0.919221	
0.462268	0.251674	0.788322	0.740255	0.788322	0.919221	0.919221	
0.515865	0.459107	0.592882	0.515865	0.575754	0.637933	0.592882	0.71495	0.71495	
0.195746	0.575754	0.417822	0.470814	0.637933	0.592882	0.71495	0.71495	0.71495	
0.94596	1.14828	1.28691	1.28691	1.28691	
0.59028	0.570314	0.564234	0.740255	0.788322	0.8202	0.861297	
0.195746	0.637933	0.443578	0.438849	0.575754	0.560917	0.575754	0.71495	0.71495	
0.448517	0.498737	0.417822	0.443578	0.438849	0.71495	0.575754	0.71495	0.71495	
0.821745	1.00485	0.9569	0.9569	1.07242	1.07242	
0.553505	0.821745	1.00485	0.9569	0.9569	1.00485	
0.510335	0.251674	0.502397	0.641234	0.641234	0.8202	0.8202	
0.446543	0.220215	0.439597	0.631032	0.56108	0.717675	0.753635	0.804318	
0.357532	0.861297	0.58331	0.689301	0.740255	0.919221	0.919221	
0.680529	1.00485	0.804185	0.919709	0.9569	1.00485	
0.348457	0.610326	1.00485	1.07242	1.07242	1.07242	
0.369003	0.266701	0.592882	0.38779	0.637933	0.71495	0.71495	0.669898	0.71495	
0.298677	0.704353	0.762276	0.861297	0.861297	0.919221	0.919221	
0.714469	1.00965	0.766371	1.10365	1.14828	
0.216212	0.406884	0.410412	0.560917	0.54783	0.669898	0.71495	0.71495	0.669898	
0.498587	0.641234	0.788322	0.788322	0.58331	0.788322	0.919221	
0.357532	0.641234	0.788322	0.8202	0.8202	0.919221	0.861297	
0.4837	0.56108	0.689782	0.717675	0.804318	0.804318	0.804318	0.804318	
0.400051	0.821745	0.821745	0.9569	0.863631	0.9569	
0.500544	1.28691	1.20582	1.20582	1.28691	
0.480061	0.986094	1.10365	1.14828	1.20582	
0.291488	0.420812	0.53681	0.529665	0.616309	0.753635	0.717675	0.666992	
0.2591	0.312245	0.477164	0.54783	0.592882	0.592882	0.575754	0.71495	0.637933	
0.613497	0.675685	0.788322	0.762276	0.8202	0.861297	0.8202	
0.740255	0.762276	0.788322	0.8202	0.788322	0.8202	0.8202	
0.389182	0.518178	0.533593	0.47298	0.518178	0.57414	0.643455	0.643455	0.643455	
1.14828	1.06719	1.10365	1.14828	1.28691	
0.912549	0.897727	0.79844	1.20582	1.03636	
0.562041	0.732392	1.06719	0.897727	1.00965	
0.413196	0.194591	0.403665	0.429448	0.456274	0.504825	0.965022	0.551826	0.643455	
0.721179	0.58331	0.631378	0.762276	0.788322	0.861297	0.788322	
0.415129	0.631032	0.53681	0.689782	0.753635	0.753635	0.689782	0.603139	
0.486478	0.631032	0.591225	0.510396	0.804318	0.753635	0.753635	
1.00965	0.94596	1.20582	1.20582	1.20582	
0.675685	0.613497	0.689301	0.919221	0.919221	0.919221	0.919221	
0.648637	2.00969	2.14485	
0.291488	0.47005	0.616309	0.529665	0.717675	0.631032	0.804318	0.804318	
1.43535	1.26206	1.60864	1.60864	
0.562041	0.352344	0.532357	1.00965	1.14828	
0.243239	0.516495	0.53681	0.631032	0.510396	0.717675	0.717675	0.689782	
0.613497	0.651821	0.704353	0.740255	0.762276	0.861297	0.919221	
0.400051	0.725851	0.919709	0.773798	1.00485	1.07242	
0.251674	0.5372	0.663255	0.704353	0.675685	0.8202	0.861297	
0.522907	0.544388	0.689782	0.717675	0.580348	0.717675	0.753635	0.499025	
0.415129	0.436263	0.56108	0.689782	0.804318	0.753635	0.717675	0.753635	
0.23319	0.413196	0.194591	0.429448	0.504825	0.602908	0.602908	0.57414	0.643455	0.643455	
0.641234	0.721179	0.704353	0.721179	0.919221	0.919221	0.919221	
0.672775	0.68866	0.715747	0.889322	0.889322	1.07242	
0.342901	0.613497	0.663255	0.788322	0.704353	0.919221	0.919221	
0.352344	0.773919	0.94596	1.14828	1.20582	
0.388651	0.9569	0.821745	1.07242	1.07242	1.07242	
0.401458	0.342901	0.605332	0.861297	0.919221	0.919221	0.919221	
0.897727	0.847464	1.28691	1.28691	1.28691	
0.576664	0.675685	0.651821	0.570314	0.740255	0.740255	0.919221	
0.348457	0.821745	0.773798	0.9569	1.07242	0.9569	
0.603139	0.420812	0.220215	0.580348	0.717675	0.580348	0.804318	0.753635	
0.689301	0.523137	0.762276	0.788322	0.8202	0.8202	0.919221	
0.211991	0.176901	0.50166	0.50166	0.548098	0.584959	0.584959	0.584959	0.584959	0.584959	0.584959	
0.375633	0.176901	0.306045	0.317283	0.448224	0.351782	0.521945	0.485085	0.548098	0.521945	0.584959	
0.663255	0.357532	0.59028	0.8202	0.570314	0.861297	0.8202	
0.291488	0.510396	0.616309	0.603139	0.647723	0.753635	0.804318	0.753635	
0.261343	0.717675	0.666992	0.666992	0.31284	0.689782	0.804318	0.804318	
0.220215	0.417938	0.544388	0.529665	0.580348	0.499025	0.631032	0.631032	
0.332103	0.240031	0.369371	0.266179	0.518178	0.602908	0.518178	0.493047	0.643455	0.643455	
0.277987	0.8202	0.788322	0.788322	0.631378	0.861297	0.740255	
0.342901	0.498587	0.8202	0.8202	0.788322	0.919221	0.919221	
0.826392	0.897727	1.10365	1.28691	1.20582	
0.466381	0.986094	1.20582	1.06719	1.14828	
0.597608	0.721179	0.740255	0.762276	0.788322	0.919221	0.8202	
0.665446	1.07362	1.26206	1.60864	
0.406884	0.477164	0.536123	0.592882	0.536123	0.637933	0.71495	0.71495	0.71495	
0.965022	1.20582	1.28691	1.28691	1.20582	
0.80733	1.10365	1.03636	1.20582	1.03636	
0.216212	0.406884	0.669898	0.592882	0.536123	0.592882	0.71495	0.669898	0.669898	
0.29362	0.9569	0.919709	1.07242	1.00485	1.07242	
0.277987	0.251674	0.380255	0.861297	0.861297	0.919221	0.919221	
0.261343	0.544388	0.457745	0.753635	0.753635	0.804318	0.753635	0.804318	
0.251674	1.72259	0.788322	0.861297	0.861297	0.788322	
0.986094	1.20582	1.28691	1.28691	1.28691	
0.440429	1.37956	1.60864	1.60864	
1.23262	1.60864	1.60864	1.60864	
0.29417	0.160156	0.241981	0.458932	0.50166	0.471071	0.438646	0.584959	0.584959	0.584959	0.584959	
0.400051	0.715747	0.665367	1.00485	0.9569	1.00485	
0.9569	0.70622	0.919709	1.07242	1.07242	1.07242	
0.277987	0.8202	0.704353	0.704353	0.919221	0.919221	0.919221	
0.672775	0.400051	0.841375	0.9569	1.00485	0.863631	
0.348457	0.736607	0.443631	0.821745	0.804185	1.07242	
0.348457	0.9569	0.773798	1.00485	0.863631	1.07242	
0.466381	1.03636	1.10365	1.14828	1.14828	
0.468368	0.889322	0.9569	1.00485	1.07242	1.07242	
0.669898	0.295754	0.592882	0.498737	0.54783	0.560917	0.669898	0.71495	0.637933	
0.351276	0.529665	0.56108	0.666992	0.753635	0.631032	0.804318	0.804318	
0.324318	1.00485	1.00485	0.863631	0.889322	0.9569	
0.298677	0.704353	0.740255	0.8202	0.861297	0.919221	0.919221	
0.220215	0.516495	0.666992	0.666992	0.689782	0.717675	0.717675	0.804318	
0.466381	1.06719	1.20582	1.28691	1.28691	
0.539312	0.821745	1.00485	0.863631	0.919709	1.07242	
0.821745	0.748106	0.9569	0.863631	1.00485	1.00485	
0.510335	0.298677	0.641234	0.740255	0.502397	0.8202	0.919221	
0.348457	0.68866	0.9569	0.889322	0.841375	1.07242	
1.03299	1.33398	1.43535	1.43535	
0.348457	0.9569	0.9569	1.00485	0.863631	1.07242	
0.59028	0.641234	0.613497	0.8202	0.788322	0.8202	0.740255	
0.348457	0.561082	0.725851	0.586129	0.760457	1.07242	
0.443631	0.889322	0.821745	0.7883	1.00485	1.07242	
0.41712	0.7883	0.863631	1.00485	1.07242	1.07242	
0.702551	0.647723	0.31284	0.717675	0.666992	0.804318	0.717675	
0.56108	0.830258	0.510396	0.717675	0.689782	0.804318	0.804318	
0.41712	0.443631	0.70622	1.00485	0.919709	1.07242	
0.348457	0.68866	0.804185	0.919709	1.07242	1.07242	
0.41712	1.00485	0.9569	0.919709	1.00485	1.07242	
0.9569	0.919709	0.863631	0.9569	0.9569	1.07242	
0.446543	0.243239	0.220215	0.56108	0.647723	0.804318	0.804318	0.717675	
0.553505	0.804185	1.00485	1.07242	0.9569	1.07242	
0.647175	1.10365	1.14828	1.28691	1.28691	
0.195746	0.3715	0.390753	0.27808	0.417822	0.536123	0.575754	0.637933	0.71495	
1.77864	2.14485	2.14485	
0.462268	0.298677	0.788322	0.675685	0.861297	0.919221	0.919221	
0.342901	0.547408	0.631378	0.58331	0.704353	0.919221	0.919221	
1.00965	1.14828	1.28691	1.20582	1.28691	
0.919709	0.863631	0.889322	0.919709	0.9569	1.07242	
0.324318	0.348457	0.586129	0.672775	0.9569	1.00485	
1.37956	1.37956	1.60864	1.50727	
0.480061	0.532357	1.00965	1.28691	1.28691	
1.07362	1.23262	1.43535	1.60864	
0.582976	0.841623	1.50727	1.60864	
0.342901	0.477643	0.788322	0.788322	0.8202	0.740255	0.919221	
0.400051	0.324318	0.863631	1.00485	0.863631	1.07242	
0.47005	0.499025	0.493705	0.591225	0.552455	0.689782	0.804318	0.753635	
0.31284	0.631032	0.689782	0.753635	0.717675	0.804318	0.753635	0.804318	
0.523137	0.704353	0.740255	0.788322	0.919221	0.919221	0.919221	
0.389182	0.897727	1.10365	0.789928	0.883929	
0.647175	0.928557	1.14828	1.20582	1.28691	
0.388651	0.615618	0.919709	1.07242	1.07242	1.07242	
0.333129	0.401458	0.8202	0.8202	0.8202	0.919221	0.861297	
0.762276	0.740255	0.861297	0.8202	0.8202	0.8202	0.919221	
0.348457	0.863631	0.863631	0.863631	0.889322	1.07242	
0.291488	0.580348	0.457745	0.753635	0.717675	0.753635	0.804318	0.804318	
1.00965	1.10365	1.20582	1.20582	1.28691	
0.333129	0.401458	0.651821	0.788322	0.570314	0.919221	0.8202	
0.333129	0.298677	0.502397	0.576664	0.689301	0.8202	0.919221	
0.539312	0.748106	0.889322	0.863631	0.919709	1.07242	
0.897727	0.847464	0.773919	0.897727	1.14828	
1.72726	1.9138	2.14485	
1.43535	1.60864	1.50727	1.43535	
1.03636	1.06719	1.14828	1.10365	1.28691	
0.486478	0.56108	0.666992	0.753635	0.647723	0.804318	0.804318	
0.404484	0.415129	0.717675	0.647723	0.689782	0.753635	0.717675	0.753635	
0.610326	0.9569	0.821745	0.9569	1.00485	1.00485	
0.440429	1.26206	1.43535	1.37956	
0.522685	1.50727	1.60864	1.60864	
0.357532	0.59028	0.8202	0.622158	0.861297	0.919221	0.8202	
0.858896	0.816634	1.10365	1.20582	1.28691	
0.29362	0.725851	1.00485	1.00485	1.07242	1.07242	
0.665446	1.23262	1.26206	1.43535	
1.37956	1.43535	1.37956	1.60864	
0.689301	0.861297	0.861297	0.675685	0.762276	0.740255	0.919221	
0.841375	0.70622	0.821745	0.863631	0.841375	1.00485	
0.62568	1.29545	1.50727	1.60864	
0.300038	0.689782	0.666992	0.616309	0.753635	0.753635	0.804318	0.804318	
0.298677	0.523137	0.675685	0.721179	0.861297	0.861297	0.919221	
0.562041	0.94596	0.871021	1.28691	1.28691	
0.466381	0.897727	0.897727	1.20582	1.28691	
1.08878	1.14069	1.29545	1.29545	
0.261343	0.591225	0.220215	0.439597	0.510396	0.804318	0.804318	0.804318	
0.523137	0.474433	0.477643	0.5372	0.762276	0.740255	0.919221	
0.41712	0.887262	0.7883	1.00485	1.07242	
1.10365	0.79844	1.28691	1.28691	1.28691	
0.631378	0.298677	0.251674	0.8202	0.762276	0.861297	0.919221	
0.440429	1.03299	1.33398	1.29545	
0.324318	0.919709	0.9569	1.07242	1.07242	1.07242	
1.77864	1.25347	2.14485	
0.663255	0.721179	0.861297	0.919221	0.919221	0.861297	0.919221	
1.08878	1.14069	1.29545	1.29545	
1.07862	1.68275	1.9138	
1.29545	1.26206	1.29545	1.50727	
0.291488	0.570343	0.56108	0.631032	0.616309	0.580348	0.689782	0.56108	
0.298677	0.689301	0.740255	0.570314	0.663255	0.8202	0.919221	
1.72726	1.83942	1.9138	
0.462268	0.861297	0.861297	0.704353	0.740255	0.8202	0.861297	
0.826392	0.858896	0.79844	0.789928	1.28691	
0.348457	0.29362	0.725851	0.889322	1.07242	1.07242	
0.788322	0.597355	0.631378	0.740255	0.740255	0.919221	
0.462268	0.59028	0.740255	0.651821	0.8202	0.762276	0.919221	
0.401458	0.498587	0.622158	0.721179	0.762276	0.8202	0.641234	
0.522907	0.522907	0.516495	0.647723	0.647723	0.717675	0.753635	0.753635	
0.919709	0.9569	0.889322	0.804185	1.07242	1.07242	
0.732392	0.897727	0.858896	0.965022	1.20582	
0.388651	0.863631	1.07242	1.07242	1.07242	1.07242	
0.54783	0.374055	0.406884	0.575754	0.560917	0.637933	0.61314	0.669898	0.71495	
0.396927	0.216212	0.459107	0.536123	0.453686	0.61314	0.669898	0.61314	0.637933	
1.10365	0.94596	1.28691	1.28691	1.28691	
0.59028	0.298677	0.59028	0.631378	0.762276	0.704353	0.919221	
0.615618	0.773798	0.70622	0.680529	0.841375	0.919709	
1.43535	1.29545	1.60864	1.60864	
0.510335	0.342901	0.251674	0.5372	0.740255	0.58331	0.8202	
0.897727	1.20582	1.14828	1.20582	1.28691	
0.404484	0.457745	0.522685	0.439597	0.666992	0.647723	0.804318	
0.291488	0.300038	0.56108	0.689782	0.504581	0.717675	0.804318	0.804318	
0.300038	0.580348	0.31284	0.332723	0.666992	0.47005	0.753635	0.753635	
0.342901	0.663255	0.740255	0.788322	0.919221	0.919221	0.919221	
1.03636	1.03636	1.14828	1.28691	1.28691	
0.9569	0.748106	0.715747	0.889322	0.919709	1.07242	
0.47005	0.666992	0.717675	0.616309	0.499025	0.689782	0.753635	0.717675	
0.522685	1.37956	1.37956	1.43535	
0.804185	0.841375	0.773798	1.00485	1.07242	1.07242	
0.400051	0.773798	0.9569	1.07242	1.00485	1.07242	
1.50727	1.43535	1.50727	1.60864	
0.8202	0.704353	0.663255	0.8202	0.919221	0.919221	0.919221	
0.464806	0.470814	0.525533	0.27808	0.429955	0.506972	0.515865	0.592882	0.669898	
0.324318	0.610326	0.919709	1.00485	1.07242	1.07242	
0.401458	0.277987	0.740255	0.663255	0.8202	0.641234	0.919221	
0.41712	0.68866	0.919709	0.725851	0.9569	1.00485	
0.561082	0.863631	0.889322	1.00485	1.07242	1.07242	
0.553505	0.41712	0.443631	0.889322	0.841375	1.07242	
1.03636	1.00965	1.10365	1.14828	1.28691	
0.333129	0.651821	0.59028	0.605332	0.523137	0.663255	0.641234	
0.298677	0.788322	0.788322	0.740255	0.788322	0.8202	0.919221	
0.696914	0.9569	0.863631	1.00485	1.07242	
1.02079	1.29545	1.33398	1.60864	
0.738741	0.912549	0.928557	0.928557	1.14828	
1.43535	1.37956	1.43535	1.37956	
0.261343	0.516495	0.53681	0.689782	0.689782	0.753635	0.804318	0.753635	
1.41244	1.72726	1.83942	
0.251674	0.663255	0.59028	0.740255	0.861297	0.919221	0.861297	
0.300038	0.529665	0.591225	0.332723	0.580348	0.56108	0.717675	0.717675	
0.605332	0.788322	0.8202	0.613497	0.861297	0.919221	0.919221	
0.232305	0.27808	0.669898	0.61314	0.525533	0.54783	0.669898	0.71495	0.71495	
0.562041	0.871021	0.847464	1.10365	1.20582	
0.400051	0.557251	0.919709	0.863631	1.00485	1.07242	
0.647175	1.06719	1.14828	1.28691	1.28691	
0.388651	0.760457	0.9569	0.841375	1.07242	1.00485	
0.59028	0.689301	0.861297	0.919221	0.919221	0.919221	0.919221	
1.1607	1.23262	1.37956	1.43535	
0.243239	0.332723	0.516495	0.580348	0.753635	0.804318	0.804318	0.804318	
0.474433	0.251674	0.788322	0.788322	0.861297	0.919221	0.919221	
0.404484	0.243239	0.261343	0.53681	0.332723	0.631032	0.631032	0.717675	
1.03636	1.10365	1.20582	1.10365	1.14828	
0.673299	0.94596	0.836651	1.06719	1.28691	
0.75208	0.897727	1.14828	1.20582	1.28691	
0.562041	0.500544	1.20582	1.20582	1.20582	
0.466381	0.928557	1.03636	1.14828	1.28691	
0.912549	0.352344	1.06719	0.816634	1.28691	
0.821745	0.715747	0.889322	0.804185	0.821745	1.07242	
1.10365	1.20582	1.28691	1.28691	1.28691	
0.418148	0.986094	1.28691	1.28691	1.28691	
0.404484	0.529665	0.56108	0.666992	0.647723	0.689782	0.689782	0.804318	
0.251674	0.651821	0.861297	0.740255	0.8202	0.919221	0.919221	
0.312245	0.560917	0.575754	0.592882	0.669898	0.560917	0.669898	0.669898	0.71495	
1.00965	1.03636	1.28691	1.28691	1.20582	
1.50727	1.1607	1.43535	1.50727	
0.666992	0.486478	0.647723	0.689782	0.689782	0.753635	0.804318	
0.748106	0.889322	0.919709	1.07242	1.07242	1.07242	
0.251674	0.740255	0.762276	0.740255	0.762276	0.8202	0.919221	
0.748106	0.919709	0.919709	1.00485	1.00485	1.00485	
0.389182	1.14828	1.03636	1.06719	0.928557	
0.333129	0.277987	0.788322	0.8202	0.861297	0.919221	0.919221	
0.665367	0.658273	0.736607	1.00485	0.863631	1.00485	
0.986094	1.14828	1.14828	1.00965	1.14828	
1.37956	1.50727	1.60864	1.50727	
0.298677	0.675685	0.740255	0.740255	0.740255	0.762276	0.861297	
0.352344	1.14828	1.28691	1.28691	1.28691	
0.388651	0.919709	0.919709	0.919709	1.00485	1.00485	
0.29362	0.715747	0.725851	0.760457	1.07242	1.07242	
0.698022	1.20582	1.06719	1.14828	1.28691	
1.03636	1.06719	0.94596	1.03636	1.06719	
1.37956	1.23262	1.37956	1.50727	
0.802916	0.251674	0.8202	0.861297	0.919221	0.919221	
0.324318	0.561082	0.7883	0.736607	0.7883	0.9569	
0.277987	0.59028	0.788322	0.861297	0.8202	0.861297	0.919221	
0.889322	0.821745	0.919709	0.863631	1.07242	1.07242	
1.18245	1.43535	1.43535	1.60864	
1.05933	1.33398	1.50727	1.60864	
0.291488	0.415129	0.570343	0.522907	0.529665	0.4837	0.580348	0.56108	
0.847464	1.10365	1.14828	1.20582	1.28691	
0.29362	0.586129	0.889322	1.00485	1.07242	1.07242	
1.37956	1.33398	1.33398	1.37956	
0.298677	0.59028	0.5528	0.704353	0.740255	0.919221	0.919221	
0.663255	0.5372	0.740255	0.613497	0.622158	0.740255	0.788322	
0.622158	0.861297	0.704353	0.861297	0.919221	0.919221	0.919221	
0.324318	0.919709	1.00485	1.00485	1.00485	1.07242	
0.298677	0.861297	0.502397	0.663255	0.762276	0.919221	0.919221	
0.243239	0.420812	0.436263	0.580348	0.717675	0.666992	0.666992	0.804318	
0.510335	0.721179	0.251674	0.721179	0.8202	0.58331	0.8202	
0.75208	0.965022	1.20582	1.28691	1.28691	
0.388651	0.804185	0.821745	0.889322	0.919709	0.863631	
0.389182	1.00965	1.20582	1.28691	1.28691	
0.374053	0.431815	0.39415	0.47845	0.444661	0.444661	0.431815	0.502423	0.536212	0.536212	0.536212	0.536212	
0.300038	0.56108	0.529665	0.332723	0.4837	0.56108	0.717675	0.717675	
0.717675	0.647723	0.631032	0.753635	0.753635	0.717675	0.804318	0.804318	
0.266701	0.27808	0.560917	0.483901	0.592882	0.61314	0.498737	0.71495	0.71495	
0.298677	0.740255	0.675685	0.788322	0.740255	0.788322	0.861297	
0.836651	1.28691	1.28691	1.28691	1.28691	
1.00965	0.94596	1.10365	1.20582	1.20582	
1.10365	1.20582	1.28691	1.20582	1.28691	
0.232305	0.195746	0.592882	0.417822	0.390753	0.592882	0.592882	0.71495	0.71495	
0.243239	0.544388	0.580348	0.631032	0.603139	0.616309	0.647723	0.753635	
0.673299	0.668701	1.06719	0.79844	1.06719	
0.277987	0.480928	0.704353	0.721179	0.8202	0.788322	0.919221	
0.897727	1.06719	0.965022	1.20582	1.28691	
0.714469	0.789928	1.14828	0.897727	0.986094	
0.251674	0.663255	0.8202	0.8202	0.919221	0.919221	0.919221	
0.474433	0.721179	0.663255	0.762276	0.919221	0.919221	0.919221	
0.9569	0.29362	0.889322	0.9569	0.804185	1.07242	
0.672775	0.348457	0.557251	0.586129	0.919709	1.07242	
0.889322	0.638643	0.68866	0.863631	1.00485	1.07242	
0.2591	0.374055	0.195746	0.27808	0.295754	0.637933	0.71495	0.71495	0.71495	
0.70622	0.7883	0.610326	0.773798	0.889322	1.00485	
0.291488	0.220215	0.631032	0.647723	0.804318	0.804318	0.804318	0.804318	
0.352344	0.668701	0.871021	1.10365	1.28691	
0.760457	0.680529	0.863631	1.00485	1.00485	1.07242	
0.510335	0.251674	0.641234	0.721179	0.861297	0.919221	0.919221	
0.400051	0.760457	0.863631	0.863631	1.07242	1.07242	
0.698022	1.14828	1.10365	1.28691	1.28691	
0.539312	0.863631	0.863631	0.841375	1.07242	1.07242	
0.510335	0.788322	0.721179	0.689301	0.861297	0.919221	0.919221	
0.298677	0.861297	0.704353	0.721179	0.919221	0.919221	0.919221	
0.243239	0.220215	0.580348	0.689782	0.647723	0.666992	0.666992	0.804318	
0.23319	0.240031	0.209074	0.383186	0.351678	0.504825	0.533593	0.482511	0.518178	0.533593	
0.928557	0.986094	1.10365	1.14828	1.28691	
0.582976	1.20628	1.29545	1.60864	
0.415129	0.486478	0.529665	0.689782	0.544388	0.666992	0.717675	
0.897727	0.816634	1.20582	1.14828	1.20582	
0.847464	0.986094	1.14828	0.816634	1.14828	
0.897727	1.14828	0.94596	1.28691	1.28691	
0.251674	0.663255	0.788322	0.651821	0.704353	0.861297	0.919221	
0.466381	0.986094	1.06719	1.28691	1.28691	
0.871021	0.858896	1.10365	0.912549	1.28691	
0.9569	0.9569	0.821745	0.863631	1.00485	1.07242	
0.897727	0.847464	1.14828	0.897727	1.28691	
1.33398	1.20628	1.50727	1.60864	
0.348457	0.773798	0.586129	0.821745	0.919709	0.9569	
0.400051	0.863631	0.773798	0.9569	1.07242	1.07242	
0.357532	0.788322	0.721179	0.861297	0.861297	0.861297	0.919221	
0.23319	0.194591	0.209074	0.43551	0.418325	0.518178	0.39922	0.602908	0.518178	0.551826	
0.557251	0.773798	0.41712	0.841375	0.919709	1.07242	
0.300038	0.332723	0.570343	0.753635	0.753635	0.753635	0.804318	0.804318	
2.14485	2.14485	2.14485	
1.03636	0.986094	1.14828	1.28691	1.28691	
0.675685	0.58331	0.613497	0.8202	0.675685	0.740255	0.919221	
0.232305	0.195746	0.575754	0.669898	0.575754	0.575754	0.592882	0.71495	0.71495	
0.466381	1.03636	1.28691	1.28691	1.28691	
1.29545	1.29545	1.37956	1.60864	
0.562041	0.423732	0.266179	0.57414	0.366196	0.533593	0.533593	0.518178	0.448864	
0.352344	0.847464	1.10365	1.28691	1.28691	
0.389182	1.03636	0.986094	1.03636	1.14828	
0.672775	0.68866	0.841375	0.863631	1.07242	1.07242	
0.243239	0.220215	0.53681	0.529665	0.457745	0.580348	0.753635	0.804318	
0.420812	0.220215	0.47005	0.603139	0.603139	0.666992	0.804318	0.804318	
0.474433	0.59028	0.689301	0.641234	0.861297	0.740255	0.919221	
0.897727	1.14828	0.965022	1.14828	1.28691	
0.704353	0.651821	0.704353	0.740255	0.861297	0.861297	0.919221	
1.06719	1.14828	0.986094	1.03636	1.28691	
1.10365	1.00965	1.00965	1.20582	1.28691	
0.664206	0.532357	1.06719	1.28691	1.28691	
0.553505	0.68866	0.665367	0.658273	1.00485	1.07242	
0.281021	0.209074	0.176172	0.37604	0.57414	0.57414	0.57414	0.602908	0.602908	0.643455	
0.965022	0.732392	0.928557	1.00965	1.03636	
0.56108	0.31284	0.529665	0.717675	0.666992	0.804318	0.804318	0.804318	
0.468368	0.773798	0.841375	1.00485	1.00485	1.07242	
1.37956	0.830258	1.29545	1.50727	
0.2591	0.232305	0.195746	0.498737	0.575754	0.390753	0.637933	0.71495	0.71495	
0.504581	0.516495	0.647723	0.31284	0.457745	0.753635	0.647723	0.804318	
0.342901	0.298677	0.613497	0.675685	0.788322	0.762276	0.861297	
0.986094	0.352344	1.20582	1.06719	1.28691	
0.986094	1.20582	1.14828	1.28691	1.28691	
0.351276	0.457745	0.31284	0.666992	0.804318	0.804318	0.804318	0.804318	
1.06719	1.03636	1.14828	1.14828	1.28691	
0.504581	0.510396	0.689782	0.631032	0.753635	0.666992	0.666992	0.804318	
0.400051	0.348457	0.715747	0.7883	0.919709	0.889322	
0.897727	1.10365	1.03636	0.986094	0.986094	
0.663255	0.605332	0.605332	0.8202	0.919221	0.919221	0.919221	
1.29545	1.43535	1.60864	1.60864	
0.277987	0.251674	0.357532	0.58331	0.861297	0.622158	0.8202	
0.748106	0.760457	0.863631	0.919709	1.07242	1.07242	
1.06719	1.10365	1.20582	1.20582	1.10365	
0.324318	0.773798	0.889322	0.7883	0.841375	0.9569	
0.889322	0.626733	0.7883	0.863631	1.00485	1.07242	
0.351276	0.220215	0.666992	0.717675	0.666992	0.689782	0.689782	0.804318	
0.351276	0.53681	0.332723	0.56108	0.647723	0.56108	0.717675	0.631032	
0.576664	0.675685	0.704353	0.861297	0.861297	0.919221	0.919221	
0.298677	0.380255	0.740255	0.8202	0.8202	0.861297	0.919221	
0.352344	0.871021	0.858896	0.912549	1.06719	
0.333129	0.277987	0.663255	0.762276	0.919221	0.919221	0.919221	
0.389182	1.03636	0.94596	1.28691	1.28691	
0.261343	0.53681	0.689782	0.753635	0.753635	0.689782	0.804318	0.804318	
0.352344	1.03636	1.20582	1.28691	1.28691	
1.20582	1.06719	0.816634	1.14828	1.28691	
0.300038	0.243239	0.261343	0.603139	0.439597	0.753635	0.529665	0.666992	
0.237217	0.17145	0.344651	0.178766	0.190128	0.360589	0.337843	0.344651	0.360589	0.331628	0.360589	0.381138	0.45961	0.45961	
0.251674	0.613497	0.861297	0.8202	0.8202	0.861297	0.919221	
0.562041	0.194591	0.336649	0.533593	0.448864	0.493047	0.448864	0.504825	0.551826	
0.251674	0.740255	0.704353	0.919221	0.919221	0.919221	0.919221	
0.357532	0.740255	0.641234	0.8202	0.919221	0.919221	0.919221	
0.389182	0.94596	1.14828	1.14828	1.28691	
0.615618	0.841375	0.725851	1.00485	1.07242	1.07242	
0.251674	0.704353	0.740255	0.8202	0.919221	0.919221	0.919221	
0.8202	0.251674	0.59028	0.740255	0.762276	0.861297	0.919221	
1.1607	1.26206	1.50727	1.60864	
0.553505	0.841375	0.9569	1.07242	1.07242	1.07242	
1.03636	1.14828	1.20582	1.28691	1.28691	
0.333129	0.597608	0.861297	0.740255	0.8202	0.740255	0.919221	
0.423982	0.414795	0.306045	0.385211	0.429982	0.332905	0.422072	0.50166	0.408058	0.584959	
1.03636	1.20582	1.20582	1.28691	1.28691	
0.401458	0.523137	0.613497	0.762276	0.380255	0.605332	0.919221	
1.03636	1.14828	0.871021	1.06719	1.28691	
0.760457	0.29362	0.9569	1.07242	1.07242	1.07242	
0.251674	0.689301	0.788322	0.721179	0.788322	0.8202	0.919221	
0.348457	0.443631	1.00485	0.9569	1.07242	1.07242	
0.352344	0.986094	1.06719	1.03636	1.28691	
1.03636	1.10365	1.14828	1.14828	1.28691	
0.748106	0.715747	0.773798	0.821745	0.889322	1.07242	
0.342901	0.277987	0.689301	0.788322	0.605332	0.740255	0.919221	
0.348457	0.7883	0.863631	1.00485	0.863631	1.00485	
0.298677	0.663255	0.605332	0.721179	0.788322	0.8202	0.8202	
0.388651	0.468368	0.919709	1.00485	1.00485	1.07242	
0.333129	0.298677	0.8202	0.8202	0.622158	0.721179	0.919221	
0.644933	0.863631	0.863631	1.07242	1.07242	1.07242	
0.195746	0.27808	0.54783	0.536123	0.669898	0.637933	0.71495	0.71495	0.71495	
0.277987	0.641234	0.5528	0.788322	0.675685	0.788322	0.861297	
0.561082	0.841375	0.9569	0.9569	1.00485	1.00485	
0.56108	0.436263	0.4837	0.717675	0.753635	0.717675	0.804318	0.804318	
1.02079	1.60864	1.60864	1.60864	
0.333129	0.510335	0.641234	0.8202	0.861297	0.919221	0.919221	
0.29362	0.9569	1.00485	1.07242	1.07242	1.07242	
1.10491	1.37956	1.50727	1.60864	
0.298677	0.59028	0.788322	0.502397	0.8202	0.721179	0.919221	
0.277987	0.298677	0.641234	0.663255	0.502397	0.762276	0.919221	
0.651821	0.357532	0.861297	0.788322	0.919221	0.919221	0.919221	
0.714469	0.352344	0.965022	1.06719	1.28691	
0.277987	0.861297	0.380255	0.919221	0.919221	0.919221	0.919221	
0.352344	1.00965	0.897727	0.871021	1.28691	
0.388651	0.29362	0.841375	0.9569	1.00485	1.00485	
0.826392	0.912549	0.986094	1.20582	1.28691	
0.300038	0.717675	0.647723	0.510396	0.510396	0.753635	0.804318	0.804318	
0.664206	0.773919	0.94596	1.20582	1.28691	
0.889322	0.863631	0.919709	0.919709	1.07242	1.07242	
